id,EAP,HPL,MWS
id02310,0.0036201945662170604,0.002385318231819229,0.9939944872019625
id24541,0.7453045372862735,0.25313879418228247,0.0015566685314271312
id00134,0.0705760106600347,0.929396709576721,2.7279763243905026e-05
id27757,0.09886298178892607,0.9011059394410539,3.1078770025113296e-05
id04081,0.9876420387222644,0.008823861940600397,0.00353409933713553
id27337,0.8845164985611067,0.10946072128612358,0.006022780152776141
id24265,0.9375192808431686,0.05021893725415389,0.01226178190267362
id25917,0.01038939708828446,0.148265676308654,0.8413449266030623
id04951,0.9986584822932467,0.0007697542984937665,0.000571763408256917
id14549,0.8413768393428981,0.005328748932682525,0.15329441172441982
id22505,0.006379000217033031,0.0418969612323528,0.9517240385506117
id24002,1.6796658883574506e-09,0.9999999912077976,7.112535164986272e-09
id18982,0.042545851356021056,0.9536668569226984,0.0037872917212796323
id15181,0.0002941558905684568,0.9997044459533793,1.3981560526381856e-06
id21888,0.48316318682991616,0.15820992574048037,0.35862688742960447
id12035,0.14394759430241502,0.06567690201522025,0.7903755036823633
id17991,0.6522898633692183,0.0021116860744764426,0.3455984505563068
id10707,0.999874036107961,3.229866075920789e-05,9.366523127994824e-05
id07101,0.06318646662853891,0.05393861628157947,0.8828749170898825
id00345,0.9820922265077712,0.011686758499311216,0.006221014992919319
id05912,0.8214565805893514,0.02705652650713356,0.15148689290351638
id13443,0.9995408496308446,0.0003635165275713894,9.563384158578592e-05
id09248,0.6319706565749634,0.06811834823546391,0.29991099518957276
id17542,0.006608453104377602,0.9908464845429471,0.0025450623526725156
id06995,0.04832586631171418,0.0004050857453692184,0.9512690479429119
id25159,0.8289725456616488,0.002579967462930587,0.16844748687542144
id25729,0.7115324892966485,0.27570343932733216,0.012764071376019445
id26949,0.9900086061765309,0.002522220206069268,0.0074691736173938235
id27191,0.044561029582763645,0.060603962441161584,0.8948350079760758
id07668,0.09085109040348589,6.115413633688821e-07,0.9091482980551473
id02230,0.6670529935392596,0.11952999669130117,0.21341700976943545
id15553,0.9997160869662614,3.551087368952159e-05,0.0002484021600531155
id25688,0.12261962889565894,0.859176642666841,0.018203728437501548
id17545,0.9078441676568817,0.05803191874730415,0.0341239135958166
id13929,0.11448737005428339,0.12259597002910212,0.7629166599166172
id12880,0.8211296667170074,0.05493305179663476,0.12393728148635795
id19282,0.5113573403262364,0.017568080543854354,0.47107457912990824
id14690,0.012970098459391437,4.092789978475402e-05,0.9869889736408237
id17975,0.19468991393136664,0.7986864785289987,0.006623607539629202
id08037,0.1746136621832278,8.64970069256357e-05,0.8252998408098486
id15412,0.30735893747363047,0.054945691063900806,0.6376953714624685
id25032,0.6862125406064601,0.05947683233206521,0.2543106270614755
id27165,0.9817311584126277,0.004234096987420076,0.014034744599955233
id03327,0.028962625613722807,0.9605473945064766,0.010489979879797042
id18515,0.5740197585279021,0.007949562687236648,0.4180306787848637
id21003,0.7831066797475681,0.06165556499601037,0.15523775525642336
id23855,0.000878615735054285,0.9684663522153382,0.030655032049610103
id20724,0.9482272933926449,0.023558130337334962,0.028214576270018898
id13303,0.2979110171545548,0.004296345451157357,0.6977926373942869
id16521,0.0013341971969149428,0.17769826298648775,0.8209675398165972
id20775,0.7943332896793488,0.16570218026273645,0.03996453005791399
id13029,0.9996569301104492,8.525012691861553e-06,0.0003345448768526997
id14660,0.7925455582356994,0.1542637166117621,0.053190725152537956
id11028,0.15129845072800804,0.003948737136174284,0.8447528121358165
id14180,0.9934581558028843,0.0051833340094363835,0.001358510187676231
id25860,0.999993335446713,6.525356614929169e-06,1.391966737523012e-07
id11910,0.8737249399790797,0.003741489207279089,0.1225335708136425
id08065,0.7216819128387248,0.020846422431222165,0.25747166473005323
id22674,0.007141991017397002,0.0002959067624146944,0.9925621022201796
id25018,0.33403932954460924,0.04433806132939369,0.6216226091259986
id10892,3.500197522496506e-06,0.9999955658805963,9.339218784776568e-07
id10217,0.005492888329201044,0.9942263007676574,0.0002808109031345598
id12996,0.8197324528173555,0.034066274030635744,0.14620127315200798
id18262,0.34983751075032266,0.0032700845290915192,0.6468924047205882
id08606,5.0046309967271885e-06,0.9998880904358772,0.00010690493312730484
id17233,0.9836683066454914,0.002817399261045347,0.0135142940934622
id00101,0.9690982382486197,0.017594722481848138,0.013307039269532202
id12225,0.9864921410866146,0.012402173352996489,0.0011056855603884647
id01364,0.05852952007990931,0.9085512671536596,0.032919212766431144
id24973,0.9488808281846407,0.012395000996606658,0.03872417081875204
id25363,0.1269710883021562,2.3050610550691664e-05,0.8730058610872989
id10061,0.5161902350136783,0.10837302468382484,0.3754367403024921
id17673,0.005464768019629474,0.9939715985677724,0.0005636334125938485
id13249,0.8186808800462775,0.03874029402405622,0.14257882592966636
id10107,0.0009561769791712576,0.00017890813799548716,0.998864914882835
id04403,0.9949781622908068,3.9384354356304595e-06,0.0050178992737553475
id25728,0.8840544006419626,0.005813616264555085,0.11013198309347906
id16184,0.7734625773315219,0.026627007644976386,0.19991041502350212
id03438,0.018260059245569213,2.230387347877466e-06,0.9817377103670831
id22923,0.03649073858491711,0.9632418590490662,0.00026740236601431816
id08610,0.8070538368273724,0.007231043759968306,0.18571511941265595
id25355,0.01485339614226298,0.011032130225313994,0.9741144736324254
id16916,0.6208084940850154,0.3557066790912053,0.023484826823781748
id12793,1.2428596817499376e-05,0.9999861483478164,1.4230553758950131e-06
id11859,0.8726343770124233,0.031576564179200114,0.09578905880837466
id02434,0.9999999994846172,4.008224537658515e-10,1.1455746436163806e-10
id27703,0.052903765982755264,0.005090726413605766,0.9420055076036369
id25212,0.07209924581486982,0.9278973887760856,3.365409040624871e-06
id11308,0.12153693271528504,0.09404674718712205,0.784416320097592
id26094,0.9851821193869589,0.0007876775618191524,0.014030203051223294
id22080,0.8953271230747228,0.09346504200438839,0.011207834920890322
id03545,0.9957534857764765,0.00415121330052922,9.530092299189831e-05
id23725,0.005770168890853337,0.017162828467952054,0.9770670026411931
id12009,0.9507546659488779,0.01689644507751453,0.03234888897360398
id24241,0.5102365090292689,0.022194326372386487,0.46756916459834635
id03596,0.0010086561304033766,0.9989123972111555,7.894665843964185e-05
id10749,0.4527313766185585,0.25733001149479073,0.28993861188665293
id22794,0.0030364393893165063,0.00011373051907948291,0.9968498300916045
id15482,0.17094180273470608,0.13335534573285235,0.695702851532443
id04833,0.4863569417139843,0.4518212737375435,0.06182178454847186
id00397,0.04070445108263961,7.191807107370546e-09,0.9592955417255615
id14691,3.2766187919346116e-07,2.8087735983783538e-06,0.9999968635645311
id05193,0.03212458496270988,0.0006089292335935275,0.9672664858036953
id19541,0.8361193695207612,0.036463650186646976,0.12741698029259005
id22166,8.380082879426095e-06,1.084107461385606e-05,0.9999807788425124
id20744,0.0017283006484020604,9.348887555146851e-05,0.998178210476049
id10392,6.228540381836161e-09,4.396472007940964e-06,0.9999955972994483
id00770,0.9831574250606185,0.013707032255441967,0.003135542683938415
id06018,0.2509253933275865,0.7337877711975184,0.01528683547489717
id15678,0.12990672156562547,0.1377706187930806,0.7323226596412943
id08305,0.9553432127139525,0.03721019416908369,0.007446593116962689
id08903,0.5809979097194011,0.012445197955209502,0.4065568923253913
id14752,0.5992025078373308,0.4001729686262362,0.000624523536424611
id12468,0.013606117867676567,0.9857677514334053,0.0006261306989152783
id05085,0.14191248469546927,0.0973875225180762,0.7606999927864531
id21993,0.030045774404710103,0.0003420105995228563,0.9696122149957661
id15503,0.8725757042803274,0.12447743532986955,0.0029468603898008066
id03021,2.4085094974806047e-06,0.9993475753536434,0.0006500161368486865
id16123,0.9999996946584281,3.0526446397694616e-07,7.710938526672573e-11
id19383,0.9999156099252071,8.293228512024759e-05,1.4577896728651004e-06
id04186,0.9999380668574269,8.827117246061655e-06,5.3106025325796096e-05
id17954,0.00019073128641130757,1.3311185647901855e-05,0.9997959575279407
id12030,0.4522074645040562,0.0016902891326206744,0.5461022463633227
id13020,0.92765071382243,0.02848205008708735,0.043867236090484193
id25327,8.554133222956794e-05,0.9789645994987264,0.020949859169048048
id16344,0.07106499596513936,0.003293529132408566,0.9256414749024557
id12303,0.4665756833887946,0.16507121279247197,0.36835310381873015
id15017,0.9949516609902803,0.005048109919588421,2.2909015135183595e-07
id22308,0.7481834650382767,0.13945094349692835,0.11236559146479522
id06536,5.0179126092717365e-05,6.180651705702446e-05,0.9998880143568514
id19797,0.4605765400152938,0.23716006689365005,0.302263393091056
id06332,0.006981005329562429,0.8081210649913488,0.18489792967908475
id22941,0.6233149902033993,0.22607220576640635,0.15061280403019525
id13547,0.02531287068557276,0.004300043544539153,0.970387085769885
id06928,0.08166391510929208,3.236793716184306e-06,0.9183328480969944
id12521,0.870853985813604,0.12846498092471098,0.0006810332616879497
id25716,0.829853733862406,0.006355033978169952,0.16379123215942262
id27116,5.4597479860939264e-06,2.573540300783849e-07,0.9999942828979818
id19941,0.0004624552130504275,0.9940634444860698,0.005474100300878713
id05711,2.851262507756092e-06,1.7950310215624143e-05,0.999979198427274
id02097,4.082196139055334e-06,0.00023009043129249446,0.999765827372565
id03563,0.035200157925428376,0.7219813742739064,0.2428184678006621
id02295,0.6474688717317258,0.10137885807335462,0.2511522701949195
id08179,0.999999887350754,1.0748459540432005e-07,5.164653371790904e-09
id05332,0.1627202228096316,0.7949224344771078,0.042357342713258174
id15697,0.00947604287310929,0.33423125884474036,0.6562926982821476
id17026,0.12411431740555698,0.003261251842025878,0.8726244307524181
id04243,0.972669952731847,0.00766585284273069,0.01966419442542042
id13175,0.9999999998206867,1.790282928889756e-10,2.677272120115114e-13
id05387,0.9987992693999718,0.00020169925695253868,0.0009990313430741943
id19989,0.8261698538151359,0.10627201429775229,0.06755813188711325
id25173,0.432934048957343,0.22066366571922877,0.3464022853234314
id08925,0.00019606317219351792,0.9996035552574895,0.0002003815703234341
id03034,0.0057679023227740125,0.9808867954153035,0.013345302261923327
id13272,0.00011149855968741171,0.9998311852874461,5.7316152870303416e-05
id07956,0.27604050055947366,0.00042151520351734357,0.7235379842370109
id02648,0.0037568131605373242,4.6130347176315474e-05,0.9961970564922858
id01778,0.009765935223893931,0.00013527156045350908,0.9900987932156515
id12846,0.0012044162791327822,9.099407242181427e-08,0.9987954927267955
id19001,0.672609428769626,0.10220491232038158,0.22518565890999065
id05763,0.8219146255878367,0.084563973829662,0.0935214005824994
id15590,3.80116056647858e-05,2.1361323734608924e-06,0.999959852261962
id04912,0.5919303065059185,0.08429257545265628,0.3237771180414298
id21201,0.8822609200940761,0.039066912189273655,0.07867216771665647
id13215,0.9979625604986643,0.0005636072669805125,0.0014738322343554654
id15612,0.3618998464593069,0.4944009323743186,0.14369922116637784
id18501,0.06996412106503032,0.001999684203961741,0.9280361947310097
id07223,0.5616703014450082,0.22240423793993824,0.21592546061505424
id06707,0.987524504319491,0.007275068853525896,0.005200426826980545
id05238,6.532725801557588e-11,0.9999999997899738,1.4470114597728234e-10
id00935,0.017091752657951126,0.01452942465910175,0.9683788226829464
id00110,0.5289594466592248,0.03319448610010579,0.437846067240668
id17476,0.9899456768785149,0.00850443139463149,0.0015498917268594939
id15170,0.9803806911217393,0.016876543399085887,0.002742765479170956
id13397,0.08196194999681648,0.0024822562176020535,0.9155557937855853
id24283,0.7890607611652686,0.07708453805971693,0.1338547007750155
id15234,0.996527103988451,0.0032467409583630696,0.00022615505318257108
id16884,0.009382675189612723,0.6251902123277215,0.36542711248266346
id07831,0.7174036573513823,0.07328345658895472,0.20931288605966178
id16038,0.8521979006023988,0.042137201440769205,0.10566489795683003
id03629,0.870001073241852,0.007150633497130425,0.12284829326101804
id21019,0.8178726927174014,0.048960083342895956,0.13316722393970046
id21835,0.6967532450286458,0.02832948619113998,0.27491726878021394
id04480,0.0005629324891497614,0.9994196423485631,1.7425162292876915e-05
id20838,0.8079188186429039,0.17001781387530895,0.022063367481789976
id24195,0.8325459833677693,0.08714854379430541,0.08030547283792132
id05448,0.9564799958396873,0.005498627878009891,0.03802137628230216
id15957,0.030019304281209018,0.9696274774022733,0.0003532183165150317
id19956,0.008998170027348908,9.4941883313335e-06,0.9909923357843192
id15104,0.020701485422925783,0.0769950175928925,0.9023034969841787
id17559,0.8098925205824175,0.08646135656875571,0.10364612284882299
id16839,0.2440159560505594,0.10714192847340576,0.6488421154760324
id14493,0.20011111467166592,0.01510130930060359,0.7847875760277304
id08833,0.7632349689434651,0.04064563405116217,0.1961193970053712
id15723,0.23204596855215412,0.05599694904442486,0.7119570824034214
id02716,0.9958817576516333,0.0009215641560562244,0.003196678192312151
id06689,0.11459579700440845,0.874137872468683,0.011266330526913048
id18837,0.38649145574796906,0.47719228759723104,0.13631625665479963
id04466,0.9985469791564711,0.0008844665097616804,0.0005685543337606018
id00686,0.9797616954055235,0.01529196963845503,0.004946334956024652
id09010,0.9354076444033758,0.06192262653722045,0.002669729059402006
id23353,0.8426323329433028,0.02175467025200518,0.13561299680469177
id00066,0.8702243478865207,0.024117026233607595,0.10565862587987258
id15724,0.29677231283319955,0.22317767093677338,0.4800500162300267
id23486,0.18187413288704568,0.0051370803003048,0.8129887868126497
id22258,0.010762106225658197,0.010325888747709849,0.9789120050266308
id02292,0.7118844669471667,0.059843637474364116,0.22827189557847008
id16356,0.007114767627616843,9.715697099109549e-05,0.9927880754013932
id00235,0.9997901088666914,3.569625850624011e-05,0.00017419487479845275
id25522,0.003788534096800065,1.6766817468001228e-05,0.9961946990857291
id04204,0.009956963909541079,0.9889621409071344,0.0010808951833256929
id22016,0.7688943732921131,0.03432844390385217,0.1967771828040336
id06480,0.0002870619348433239,0.9996186553254557,9.4282739692313e-05
id08718,0.10358487721944488,0.004495817955695272,0.8919193048248619
id05251,8.670553037319529e-06,0.9999351391497079,5.6190297255344894e-05
id03359,0.9978408763324388,0.0015499462824351809,0.0006091773851286601
id16117,0.06818924128926401,0.00041743656823992406,0.9313933221424927
id17000,0.00024777017852561044,0.999744727405825,7.502415646215445e-06
id01730,0.045484269340218604,0.9539506921808817,0.0005650384788992831
id00630,0.5396790728400166,0.018147058333545244,0.44217386882644066
id18175,0.03952703767486395,9.78587978104003e-05,0.9603751035273278
id00907,0.9219541424104296,0.04623192772516097,0.03181392986441057
id18251,0.01386592920546058,0.9859125779578417,0.00022149283668897215
id25861,0.7881342388829891,0.0707191594774328,0.1411466016395789
id00398,0.7365080973458936,0.15446877947666898,0.10902312317743766
id27573,0.9790254424714201,0.0003447859744974036,0.020629771554083933
id10022,6.062691403519276e-07,0.999693872658131,0.00030552107272333257
id15901,0.0729556323067392,0.0001025868861079855,0.9269417808071517
id00451,0.3726037445999582,0.03700864044413069,0.5903876149559125
id23129,0.008771181340792349,0.9907153138870072,0.000513504772206343
id26498,0.7898554796495976,0.18307424058888155,0.027070279761523642
id14741,0.13749351225836104,0.8455210068382325,0.016985480903405525
id18453,0.027206476083970435,0.0003397317659170455,0.9724537921501146
id08309,0.8560763043765194,0.037830287574558204,0.10609340804891916
id00320,0.9680258019380464,0.031716336242974506,0.0002578618189914964
id07688,0.029461300987541073,0.0011721265521534802,0.9693665724603032
id01556,0.04020038049441422,0.00241010513567165,0.9573895143699117
id00178,0.03429804193038422,0.006574811054189509,0.9591271470154289
id18902,0.1594586470848199,0.0015930212553445261,0.8389483316598338
id27002,0.9423161839083791,0.010522414919834862,0.04716140117178531
id21418,0.9994030568226909,0.0005918781815439574,5.0649957641553705e-06
id23018,0.8573339624897758,0.03442842740434738,0.10823761010587528
id07032,0.28646625545005094,0.2721814791120787,0.4413522654378733
id16195,0.9952555825662178,0.0001246064912431316,0.0046198109425469565
id11202,0.26017975986412495,0.047288689874988875,0.6925315502608866
id09578,0.7126748169421877,0.017673481378856052,0.2696517016789571
id26984,0.77384405120702,0.05205581706352157,0.17410013172945737
id19856,0.05491308306699216,0.9350520066087284,0.010034910324284075
id12086,0.8834666695217402,0.009382193120655328,0.10715113735760581
id12052,0.09722012775826239,0.20472037998818984,0.6980594922535486
id17728,1.7167304493616943e-06,5.221826471192316e-06,0.999993061443089
id24608,0.9182867368612715,0.01888095297527103,0.06283231016345998
id21097,0.009117164580881468,0.001992695212889777,0.9888901402062281
id20179,0.000950962595862528,0.0001026013285325644,0.998946436075603
id15144,0.6629651248856537,0.2192871158583646,0.11774775925598467
id00206,0.9180694876080746,0.06209835180077458,0.019832160591149225
id22285,0.0012769225879847564,1.6876282745446284e-05,0.9987062011292706
id06417,0.1413617121275792,0.36384533773853545,0.49479295013388397
id00215,0.0007276113071404992,0.9992667116608068,5.677032046205285e-06
id04201,0.01715258570006832,0.0005068278902005271,0.9823405864097333
id21771,0.8959831781306213,0.06897268865832994,0.0350441332110486
id12451,0.00379830741346339,0.567799637895919,0.4284020546906165
id14250,0.03789866924889217,0.5689943375780377,0.3931069931730704
id03433,0.0004977463156441212,0.9988720727378527,0.0006301809465066475
id03303,0.01343450292865596,9.797792129113721e-05,0.9864675191500535
id25901,0.5916355807529808,0.08804354215087502,0.3203208770961437
id06945,0.9835022532440255,0.00014433265314823466,0.016353414102822886
id05664,0.2267687720588499,0.12221328544657102,0.6510179424945788
id05741,0.969089240941803,2.2183552720305123e-05,0.03088857550547796
id10652,0.7674495176453523,0.05367244674386498,0.17887803561077903
id16300,0.935270457942409,0.06133401978259482,0.0033955222749973116
id12319,0.39671113544385755,0.2575386522795096,0.3457502122766325
id07500,0.00021447277318704014,0.9997712640302598,1.4263196550163662e-05
id12478,0.49297286429276854,0.11809055508904831,0.38893658061818215
id03076,0.500595274905862,0.006367817057622835,0.49303690803651595
id00969,0.058330454574686226,0.9224079278809889,0.01926161754432316
id23636,0.204528839145061,0.0648776978301539,0.7305934630247847
id09791,0.20042610108556722,0.1291631082837661,0.6704107906306669
id05680,0.053848913944940055,0.031333833143512256,0.9148172529115522
id03672,0.7336432582557633,0.25877666097104285,0.007580080773187607
id04286,0.0008281941695153845,0.9602806745402964,0.038891131290188764
id23883,0.000770806264085053,0.01405499355329766,0.9851742001826169
id11914,0.7717493928966035,0.011002825574926746,0.2172477815284715
id20974,0.009590361893902388,0.9852912565322903,0.005118381573804444
id26125,0.005354506504745145,0.10101583229270286,0.8936296612025516
id15543,0.08898177736617909,0.02076440710879927,0.8902538155250167
id19471,0.9999876890883251,1.143459319042343e-05,8.763184857682947e-07
id11503,0.916724342692468,0.012823749046267836,0.07045190826126498
id09321,0.004171315800634662,0.888911661641542,0.10691702255782404
id25560,2.020185607385198e-07,3.1965432719151854e-06,0.9999966014381645
id06726,0.7270442709734624,0.038139065137313105,0.23481666388922454
id05709,0.9316457007544542,0.01179801907936896,0.056556280166174616
id09788,0.4157866207097927,0.4170080091489743,0.16720537014123363
id05289,0.7752220287237515,0.00028825795331680005,0.22448971332293144
id11815,0.0009335273384270892,0.9986501334130542,0.0004163392485170039
id22422,0.6070124938857251,0.18590353166028012,0.20708397445399404
id25954,0.846757939915063,0.006633311476856103,0.14660874860808146
id13601,0.7376214497742943,0.06745154924329473,0.19492700098241247
id05677,0.44787074986836656,0.02527273644918676,0.5268565136824463
id10498,0.002320873042220661,0.9964741244567269,0.0012050025010513048
id02665,0.8994737194704084,0.03560836046244822,0.06491792006714477
id10114,0.00027119041266735107,0.7193918537067768,0.28033695588055074
id26314,0.9431657543521004,0.05530356879921609,0.00153067684868594
id21240,0.2692555172691846,0.06951875464234952,0.6612257280884648
id15569,0.984139961037272,0.015754601528697686,0.00010543743403292986
id25928,0.0009473312227807312,0.020980903173333315,0.9780717656038891
id22706,0.10116532441904738,0.8983760475439468,0.0004586280370061055
id20877,0.11124657869984386,0.8882590589966233,0.0004943623035382728
id04318,0.9470231703286954,0.0076394383647943355,0.04533739130651088
id18299,0.03709430431350459,0.9540240478741526,0.008881647812342306
id08126,0.002104983162043871,4.986116907751091e-05,0.9978451556688732
id14293,0.934319523777514,0.006773363492605217,0.05890711272987804
id12759,0.9995410851311699,0.00037015709717887056,8.875777164858612e-05
id11983,0.5891809011977298,0.06098443394834809,0.34983466485392356
id05580,0.015654766989108584,0.8943684330276315,0.08997679998326095
id25846,0.557781337882853,0.2356579347952623,0.20656072732188446
id01939,0.6525918054878758,0.006976809714917597,0.3404313847972055
id26327,0.11127999662060525,0.21739989586661018,0.6713201075127823
id11068,0.0027063547997223146,0.00015687699337999628,0.9971367682069029
id08404,0.8886746896307397,0.00048820159706900595,0.11083710877219437
id27189,0.9507295753055492,0.013909813396166414,0.03536061129828362
id15119,0.05827795652665787,0.9164547985106498,0.025267244962696084
id26525,0.8461768382054752,0.13879910889402636,0.015024052900499766
id03618,0.9498794387075663,0.03288887852741152,0.01723168276502257
id27220,0.993276928309579,0.0026820057452905167,0.004041065945133868
id18777,0.4115639966601051,0.017245801741392838,0.5711902015985019
id20213,0.9174687762773405,0.05060402375889706,0.03192719996376044
id20403,0.9216608112560996,0.021432994586096182,0.056906194157809446
id03777,0.00045949448026760055,0.39714828166527083,0.602392223854462
id10595,0.07075733854034828,0.8970047721809752,0.032237889278669066
id13816,0.22021670532320006,0.000699999030040526,0.7790832956467588
id05667,0.4205179730370339,0.027668989257388272,0.5518130377055769
id24629,0.8218506582766957,0.020034579576301316,0.1581147621470041
id20398,0.08032850843794952,0.18788246445384985,0.7317890271081998
id14108,0.00017897427606488703,0.0004439080305587226,0.9993771176933782
id06196,0.002676982925286662,0.9951114509807247,0.002211566093994619
id02800,0.12352607934712675,0.7489927811529856,0.1274811394998838
id18732,0.00030958142474440535,0.9890784137546341,0.010612004820614541
id11915,0.04648950284793285,0.9453480977743421,0.008162399377724174
id09739,0.9377942300677355,0.027261483583775146,0.03494428634848837
id24672,0.994484310640885,0.002456231870481133,0.0030594574886367897
id00414,0.0014215999089509696,0.05226398101709806,0.9463144190739518
id16307,0.9960039338705764,0.00206799962126596,0.0019280665081651091
id14043,0.613116851940397,0.017574129590950997,0.36930901846865166
id00517,2.617934894044007e-07,1.3245860018058034e-07,0.999999605747907
id09744,0.9970213052902382,0.0029673854557442725,1.1309254007761271e-05
id19257,0.9672449559755621,0.0012869535869764737,0.031468090437461876
id15437,0.5885871874626762,0.40441475337233185,0.006998059164994505
id16352,0.4222493469301682,0.028853141485289273,0.5488975115845429
id18849,0.5777236657148449,0.11723792280604636,0.30503841147910954
id19434,1.0185642333128627e-05,0.9999546800331324,3.5134324528153075e-05
id17928,0.006953506318491588,1.4413930124343439e-05,0.99303207975138
id16896,0.1539105806773988,0.0036239559853012736,0.842465463337298
id02135,0.5577204745642423,0.17300841705063924,0.2692711083851173
id15075,0.9984016481534501,0.0015484564005925803,4.989544595703497e-05
id27486,1.917565844416443e-06,0.9999798997681203,1.818266604645324e-05
id19422,0.9750001083729691,0.02266801371838995,0.0023318779086355856
id09603,0.003962569208499088,0.9922297294628236,0.003807701328676362
id02133,0.8149479576101871,0.1653873467198805,0.019664695669931655
id03441,0.9626696472911652,0.0059388615075759614,0.031391491201259794
id02398,0.7546097667808076,0.22773596314582353,0.0176542700733779
id05152,0.07897362199087528,0.0031672977004971684,0.9178590803086252
id17838,0.7118844669471667,0.059843637474364116,0.22827189557847008
id25060,0.9594844957891598,0.04045097315799884,6.453105283757815e-05
id09998,0.01634589594608083,0.008117352760794108,0.9755367512931264
id01828,0.09164154727336511,0.8646653085002816,0.043693144226351927
id25377,0.6959364365977492,0.04635421885501642,0.25770934454723404
id22175,0.16399279128368693,0.8253388649323966,0.01066834378391527
id02974,0.1909228338001482,0.002488814714592825,0.8065883514852557
id26955,0.9991838378582728,0.0008099419355568055,6.2202061657070205e-06
id21091,0.9745220819342885,0.015244143044062231,0.010233775021648097
id12802,0.9984266703469136,0.0012782316494207367,0.00029509800366256893
id07432,2.363581323526332e-10,0.9999999974155402,2.3480891223126176e-09
id18749,0.4142562390200589,0.4047531337548268,0.18099062722511244
id15030,3.9870339523415163e-05,7.990559728992023e-05,0.9998802240631864
id17155,0.06090388518615897,0.8046025714921522,0.13449354332168625
id08128,6.393294318017867e-06,0.9941662439892203,0.005827362716460526
id25706,2.0216545865570977e-05,0.8308435008100007,0.1691362826441285
id15645,0.8976277378112847,0.009692855165434937,0.09267940702328417
id04943,0.25310084462930343,0.7379712575234326,0.00892789784725979
id27566,4.1084527772154025e-05,0.00031604740621973614,0.9996428680660052
id11765,0.20858758454268675,0.4933560621132595,0.29805635334406066
id13783,0.18786733580978549,0.7115595094303468,0.10057315475986672
id00492,0.007703938686623731,0.00019125490507857393,0.9921048064082956
id27636,0.057094996670991584,0.8097560494065721,0.13314895392244228
id04273,0.9526169316000939,0.0429705103268791,0.00441255807303153
id02537,0.49424711112508857,0.0798855931194264,0.425867295755483
id24349,0.12410299502629217,0.8745134395426101,0.001383565431095684
id00023,0.0006102887321322218,0.989327415974126,0.010062295293744467
id23025,0.014035703009946441,0.9844731172902278,0.0014911796998173974
id08722,0.624896712837143,0.11159140887392605,0.26351187828892947
id02420,0.9999146337963254,8.518375545887638e-05,1.8244819404608355e-07
id10811,0.8284214759646963,0.0018029419671681149,0.16977558206813434
id04019,0.0073184222107593976,0.3834149253807831,0.6092666524084576
id18334,0.9948567109593595,0.0013585110715977522,0.0037847779690411264
id16781,0.9153191011433411,0.06989008565567553,0.014790813200981892
id08773,0.2854909914759548,0.6863753704361574,0.028133638087885656
id19214,0.24646388336888223,0.7398716481404434,0.013664468490675161
id09589,4.7014900956101676e-05,0.9998130256537219,0.00013995944532059265
id24246,0.843057409304009,0.13041725073429872,0.0265253399616958
id23577,0.8452330083662755,0.14464674593479088,0.010120245698931277
id09305,0.9532763799314398,0.004059868532798236,0.04266375153576233
id16460,0.8510028377094488,0.043731445026535955,0.10526571726401376
id21115,0.8039678935695708,0.057669100679822144,0.13836300575060764
id25996,0.7178215007738559,0.007221097837137455,0.2749574013890083
id02551,1.4664394441502946e-05,4.586257891348264e-05,0.9999394730266404
id19352,0.0006873630524597935,1.9075399771673823e-05,0.9992935615477725
id03806,0.003026146116582269,1.5923356362383145e-05,0.9969579305270567
id26544,0.7098472254977483,0.0018546879569056448,0.28829808654534717
id18761,0.9515943127359303,0.023773241381806788,0.024632445882265305
id24148,0.05407583444956243,0.9428335597839578,0.0030906057664806803
id16095,0.025505288470394922,0.8570890920112674,0.11740561951834234
id18442,0.291712128239225,0.001988661187143764,0.706299210573626
id22596,8.868196972408715e-07,3.6140075821439044e-07,0.9999987517795437
id23002,0.21762084199103016,0.02124105472441256,0.7611381032845573
id04797,0.9928182239262752,0.0005473375692394871,0.006634438504488394
id06610,0.005539394776451153,0.00031089219937571614,0.9941497130241718
id16173,0.77384405120702,0.05205581706352157,0.17410013172945737
id18292,0.038934641736553866,0.4635394570160132,0.49752590124743495
id27328,0.6912784412222636,0.018043649092830086,0.2906779096849049
id01695,0.1068686607345884,0.8878620588860966,0.005269280379317114
id05761,0.8775463729753846,0.0013345242759064872,0.12111910274871418
id16354,0.9972377698553744,0.0008754915690973076,0.0018867385755282483
id12207,0.04158731246374867,0.8423874537208569,0.11602523381539454
id05665,0.007050634517090254,0.00010737057696544588,0.9928419949059457
id01911,0.9353629156862916,0.06335097025489828,0.0012861140588088663
id19153,0.06157858873430946,0.06277581481901873,0.8756455964466721
id10295,0.45806301695541435,0.41088407470810534,0.13105290833648164
id23038,0.7365509029484877,0.15378353361991068,0.10966556343160468
id23783,0.22040239569027112,0.7653663911575042,0.014231213152223832
id27879,0.9851966278589868,0.013696621621231765,0.0011067505197769056
id19190,0.0006446677221821906,0.9993478157298246,7.516547992416967e-06
id05065,0.9663487585645327,0.0098112349738814,0.023840006461584132
id21296,0.09779971911590846,0.8934780208972382,0.008722259986852375
id13262,0.28099893556393607,0.049719887974191655,0.6692811764618719
id10333,0.9848372126490844,0.005432816787348915,0.009729970563555396
id16677,0.0001805860986724826,0.05241762144736786,0.9474017924539673
id01392,0.46945275507354045,0.006637721673444348,0.5239095232530175
id27874,0.9593570732823227,0.029773520103803665,0.010869406613873506
id02294,0.06247434948918579,0.800093736464587,0.1374319140462287
id18298,0.03229403776525276,0.00811405906864785,0.9595919031660992
id06997,0.9967484600471196,0.00012008847750054256,0.0031314514753850104
id05243,0.46001168664790293,0.23300302552076282,0.30698528783133533
id00860,4.175561415496775e-06,0.9999069529264768,8.887151211200358e-05
id26681,0.9979908911380424,0.0015664004523536362,0.0004427084096011753
id06020,6.234407904785958e-10,1.0688489541825439e-10,0.9999999992696658
id27683,0.3502480595401616,0.16394927531913359,0.48580266514070725
id17655,2.9567500447131174e-05,0.999969921696806,5.108027503457394e-07
id08817,0.15422627441069306,0.02153442705776134,0.824239298531547
id11512,0.0009840559672080664,0.09223200351666466,0.9067839405161324
id00478,0.16241139294062862,0.1675780212887908,0.6700105857705787
id02116,0.9730884940885955,0.009265977995315056,0.017645527916089226
id06746,0.9971757082550132,0.00143019793402257,0.0013940938109609578
id03863,0.9308951669251333,0.04215562462892658,0.026949208445940166
id01802,0.008303510922363156,0.9728971168753814,0.018799372202250583
id11682,0.7725462285503488,0.0002633071502251577,0.22719046429942613
id04033,0.002424328939366014,0.5980593955690827,0.399516275491548
id09286,0.0070704638669014525,0.14126645256919557,0.8516630835639045
id12904,0.9998829288742421,0.00011699908774886541,7.203800666360928e-08
id07420,0.0007712371625993171,0.0009793886935887926,0.9982493741438088
id22398,3.8695933347930786e-10,0.9999999974599056,2.1531460578218457e-09
id00424,0.005162674677488588,0.0032476768973254758,0.9915896484251878
id20960,0.99875016677367,0.001082405195766814,0.00016742803056712214
id10267,0.919649298355587,0.03163043080406629,0.04872027084034324
id19330,0.49561928378344533,0.007922189883335092,0.4964585263332158
id00994,1.0052934666521572e-05,0.9999893346764797,6.123888557940517e-07
id10785,0.7222494022600587,0.11838439407847733,0.15936620366146328
id00955,0.017032239925380173,0.9759108125585213,0.00705694751609515
id09757,0.0021429519751622007,0.9978090297993529,4.801822548208844e-05
id10030,0.77384405120702,0.05205581706352157,0.17410013172945737
id22952,0.33327078699290685,0.318959870367593,0.3477693426395
id21955,0.00012191299344087025,0.0005360047978824987,0.9993420822086803
id07674,0.9655841380369797,0.021189589478872676,0.01322627248414275
id13760,0.688116632262862,0.31182546840437536,5.789933276067336e-05
id18166,0.8148136915369327,0.00198921800352452,0.18319709045954344
id23498,0.8198389526747993,0.1800908136374067,7.023368779829534e-05
id05296,0.9966041107233299,0.0002167807739141599,0.0031791085027577768
id26709,0.9483844273903665,0.009872359953611276,0.041743212656018755
id02853,0.9988588325462131,0.0010876641296069243,5.350332417673311e-05
id06800,0.6830558911889266,0.08904580513798321,0.22789830367309039
id14758,0.006865874461362188,0.9879304802291659,0.005203645309471815
id12356,0.9888896695399115,0.009956852750570486,0.0011534777095146157
id21492,0.9827443589918353,0.007985556819617769,0.009270084188546988
id27540,0.1138272272606412,0.0027525434727811503,0.8834202292665786
id07376,0.05545792809770423,0.9369914653977802,0.00755060650450864
id15201,0.1009939461070865,0.8892800314602072,0.009726022432709503
id23388,0.002773461082597551,0.995851587941265,0.0013749509761377724
id13923,0.0038743540770556453,0.980944087168982,0.015181558753958347
id00794,0.0006480879251842166,0.9938573865757239,0.005494525499085605
id23910,0.624737571909659,0.21157279603550128,0.1636896320548415
id02556,0.5261534030891682,0.18146659006359808,0.2923800068472341
id22151,0.00017666012056998087,0.9998001680271881,2.317185222981445e-05
id11698,0.6126531908691293,0.28002707885349337,0.10731973027737648
id11627,0.7554921941243581,0.00053561922860598,0.24397218664703235
id06340,0.9998883750549818,1.5976547441882056e-05,9.56483975804102e-05
id05123,0.9746638941671815,0.005798333354549919,0.01953777247826944
id26620,1.7283231586047892e-05,5.889014259565612e-05,0.9999238266258185
id04002,0.0025640743192246033,0.0027519855364147726,0.9946839401443641
id26554,0.02540451641266936,0.96527841964281,0.00931706394451591
id18012,0.03446924613075361,0.005748805493732703,0.9597819483755219
id12964,0.1487376000659511,0.0055570006859279805,0.8457053992481187
id18965,0.0016769323822555704,0.9848019041962591,0.013521163421492507
id19082,0.3249325148904905,0.016886928982721882,0.6581805561267853
id26742,0.0009881058500107941,1.3141260462025878e-07,0.999011762737383
id15442,0.648582170098975,0.3294282257632904,0.021989604137734875
id16647,0.7113045825453643,0.05011420545134985,0.23858121200328583
id11544,0.2866588366176795,0.009491494650752571,0.7038496687315686
id20581,0.7685675187417494,0.059230147745555684,0.17220233351269268
id13192,0.6198172032299295,0.23113682430002755,0.14904597247003942
id15814,0.3499738654938231,0.49173316939323825,0.15829296511294239
id26279,0.1152714768315415,0.882734072098077,0.001994451070379291
id00240,0.9774980126304441,0.011015537735529525,0.011486449634023723
id22836,0.9968957264647295,6.4677829756880736e-06,0.0030978057522981738
id15085,0.02621429371562163,0.7773770996383087,0.19640860664606782
id17495,0.77384405120702,0.05205581706352157,0.17410013172945737
id26762,0.023452961304644904,0.10750805002395232,0.8690389886714108
id13685,0.9999338603946347,4.2592237165215953e-07,6.571368298948555e-05
id16560,0.0022771364023354466,0.997340386519163,0.00038247707849917194
id17184,7.291200322130455e-07,0.9999933408898557,5.92999010846934e-06
id21635,0.9971772062117703,0.00031290667811793155,0.0025098871101061197
id26751,0.18150514363170367,0.7627848855113204,0.05570997085697756
id12351,0.9984786779635157,0.00023090653295271805,0.0012904155035314176
id14872,0.8365669038995024,0.039223338540211275,0.12420975756028757
id18372,0.9931339995993161,0.006475080089994112,0.0003909203106835885
id26851,0.9252013760876734,0.03440650665207265,0.04039211726025478
id22659,0.12937035808668035,0.8705913239245031,3.8317988821085674e-05
id04102,1.585052276798457e-05,3.4174607234666616e-09,0.9999841460597668
id02353,0.03222630069219117,0.939182941274436,0.02859075803337296
id26721,0.9850252154666053,0.014846389035775955,0.00012839549761662483
id11171,0.889019370046098,0.026030991154794066,0.08494963879911195
id13562,0.6592476108071492,0.07973624290467206,0.2610161462881784
id26425,0.8294431431057616,0.05173833901401779,0.11881851788022413
id26394,0.1536391328598952,0.12830028223685913,0.7180605849032434
id22187,0.43625908256798823,0.49704791340687476,0.06669300402513835
id00422,0.999878586114369,3.9278974538206785e-05,8.213491109573949e-05
id22667,3.414041759682932e-10,0.9999999989175009,7.410811655248985e-10
id00911,0.5554159280235991,0.257960505713102,0.1866235662632994
id17291,0.9015873694163726,0.01158832405654927,0.08682430652708091
id01915,0.3788708707286598,0.25269618170415525,0.36843294756718364
id01434,0.5793208682727335,0.028583916934701064,0.39209521479256604
id01584,0.9228112710326593,0.025285800747169834,0.05190292822017251
id09266,0.9999905185464135,9.824410503167286e-07,8.49901254329948e-06
id17494,0.0010434065407713686,0.9987544352185305,0.00020215824069642622
id24919,0.77384405120702,0.05205581706352157,0.17410013172945737
id21043,0.011667360867241561,3.7187990096359904e-06,0.9883289203337541
id17796,0.05260395931414958,0.9461402468449844,0.0012557938408594089
id02166,0.005613259954981337,0.04743093375970376,0.9469558062853103
id17503,0.9991605517102223,1.3032709692538604e-05,0.0008264155800824394
id21203,0.7513163187848534,0.05844062191215163,0.19024305930299462
id25626,0.9999997632219658,2.309006522430967e-07,5.87737827832419e-09
id09836,0.9916317670887623,0.006901489502746776,0.0014667434084897632
id24202,0.009766094317275096,0.14631833590941715,0.8439155697733073
id27260,0.2418340376647589,0.024143898641158065,0.7340220636940848
id23167,0.00019797247519535277,5.170625703570921e-07,0.9998015104622371
id10393,0.00454934486670782,0.9945250668537893,0.0009255882795012232
id01171,0.9836323063759297,0.01540730731917395,0.0009603863048948764
id06380,0.9935382897593968,0.0006785710943257562,0.0057831391462781065
id22686,0.2774656328384667,0.0006404963487355074,0.7218938708127972
id26250,0.1671613209038101,0.003330653967199166,0.829508025128992
id09315,0.6400188032632084,0.3087701718047336,0.05121102493205622
id00886,0.07736966560043206,0.7732977629516301,0.14933257144793333
id03101,0.8024582235460046,0.04739730237933008,0.15014447407466683
id12367,0.7405454341649912,0.06289757736340638,0.19655698847160138
id10770,0.8434881555969277,0.019930708440439322,0.1365811359626304
id14949,6.160997580650129e-05,0.9999038144405309,3.457558366146001e-05
id14141,4.197851745844969e-05,0.9995092694295671,0.000448752052991144
id25417,0.2146647548301863,0.7428137310678061,0.042521514102005296
id26873,0.8895905378201904,0.0006970832926400797,0.10971237888717189
id10818,0.39038326801226164,0.020443586995448317,0.5891731449922895
id15146,0.9482671954774684,0.006770741196980075,0.04496206332555105
id23328,0.8378174087659167,0.02846627543359078,0.13371631580048693
id16765,0.7837908419275976,0.09336252107793157,0.12284663699446587
id24383,0.9973734913318114,0.0014785792196152444,0.001147929448573402
id21304,0.651167421040017,0.024087663257425,0.32474491570255687
id12551,0.0865574274091721,0.9119628562494363,0.001479716341394171
id23274,0.07469160334397561,0.1655726414991414,0.7597357551568796
id08117,0.8145747070152384,0.020102229967454054,0.16532306301730862
id23961,0.9996260566068449,0.0003150708060597263,5.887258709102741e-05
id13865,0.004764626393632998,0.9797846367741148,0.015450736832257516
id22807,0.2647207572857904,0.0023361162414519973,0.7329431264727594
id08951,0.6335040425358324,0.03329929926449715,0.3331966581996711
id18684,0.9992676328770834,0.0007036766919376181,2.8690430981071687e-05
id25179,0.20742176168928397,0.1803593729479154,0.6122188653628038
