id,EAP,HPL,MWS
id02310,0.11960718298403643,0.050998107304131075,0.8293947097118306
id24541,0.6453071346285303,0.30454862439755925,0.05014424097391292
id00134,0.4157520771916591,0.5840882312977541,0.0001596915105811817
id27757,0.25226718583382873,0.747369435674078,0.00036337849209192643
id04081,0.9356128265384542,0.040953917966588836,0.02343325549495607
id27337,0.4900902930611281,0.42843161237182475,0.08147809456704982
id24265,0.8596404126105038,0.12960392272080168,0.010755664668695094
id25917,0.029785638641812266,0.06318406764452328,0.907030293713664
id04951,0.9684558495975829,0.009816495662147331,0.021727654740271343
id14549,0.7374849361279342,0.028288853872082173,0.23422620999998403
id22505,0.568335771291302,0.16931861730434003,0.26234561140436036
id24002,5.66446300646889e-06,0.9999869094994833,7.426037512477401e-06
id18982,0.29563857536308186,0.623149671394961,0.08121175324195423
id15181,0.024446023563611613,0.975477942465622,7.603397076484391e-05
id21888,0.6058253105940417,0.1856406983312867,0.20853399107467455
id12035,0.12210349805828219,0.12691113062146628,0.7509853713202506
id17991,0.680547037416411,0.010768338904959866,0.3086846236786285
id10707,0.9994008527822436,9.08642303688978e-05,0.0005082829873887424
id07101,0.27715477021267093,0.4056048111708368,0.317240418616489
id00345,0.9647803036324409,0.017062676980734503,0.01815701938682596
id05912,0.6793950238516979,0.20056874246981438,0.12003623367848788
id13443,0.9967805501956452,0.0017197228704007076,0.0014997269339509804
id09248,0.5627062690227259,0.13816953876399515,0.29912419221327813
id17542,0.0029155055686967664,0.9958267662251565,0.0012577282061478983
id06995,0.040046296131166025,0.0007029300309017304,0.959250773837936
id25159,0.6380601253060821,0.12004391405608081,0.24189596063783766
id25729,0.36920079566028985,0.6062088942211643,0.02459031011854721
id26949,0.973876479976808,0.023119010575136698,0.0030045094480512188
id27191,0.3063243981037047,0.14652904825058993,0.5471465536457076
id07668,0.0578477087134882,4.692592055163093e-06,0.9421475986944606
id02230,0.5660636194026956,0.23107085614019077,0.20286552445711367
id15553,0.999320329538423,0.0004997545454996327,0.0001799159160770443
id25688,0.06737293644056642,0.5640890424275185,0.3685380211319168
id17545,0.8419470359771579,0.12260375010665506,0.035449213916186426
id13929,0.09171135111973977,0.22372013174878383,0.684568517131476
id12880,0.8113077324077473,0.1743981153580596,0.014294152234189072
id19282,0.5421164268270254,0.030336996497659918,0.4275465766753141
id14690,0.349581831918303,0.0026884198556546067,0.6477297482260416
id17975,0.4900083456706618,0.49888699679150017,0.011104657537845695
id08037,0.1595139110709261,0.0003285934825398876,0.8401574954465312
id15412,0.2680052149211017,0.10914262581458961,0.6228521592643075
id25032,0.6201265289697602,0.1224426866183366,0.25743078441190365
id27165,0.9748123334788829,0.009577509728050751,0.015610156793061925
id03327,0.017876040073101382,0.9654871362096786,0.016636823717218703
id18515,0.47793903547414784,0.07747146609449661,0.4445894984313521
id21003,0.7380464565874761,0.13673316775070588,0.12522037566181807
id23855,0.00039198857091582846,0.9842883025161911,0.015319708912891604
id20724,0.9174928190451938,0.051927139802705434,0.030580041152100005
id13303,0.6251562151729424,0.012232611278780102,0.36261117354827743
id16521,0.0010063772151020919,0.3053425398802109,0.6936510829046885
id20775,0.945815127131818,0.035815458895568676,0.018369413972611513
id13029,0.8929881145387978,0.011395804911617133,0.09561608054958712
id14660,0.8071936326535893,0.05824893611767698,0.13455743122873343
id11028,0.13673115986140474,0.008129327136329143,0.855139513002267
id14180,0.9734658597116651,0.022819244045561085,0.0037148962427717724
id25860,0.999581581785233,0.0004161527734494068,2.2654413127795014e-06
id11910,0.8469168054228009,0.02010351664603423,0.13297967793116366
id08065,0.6247216102741179,0.1617430781200027,0.21353531160587905
id22674,0.00835182934118434,0.009844662907440406,0.9818035077513715
id25018,0.49658880429342717,0.04040934776940155,0.4630018479371705
id10892,0.0009010507995989919,0.9990961883759504,2.760824451328674e-06
id10217,0.0020298241449653955,0.9977034558628739,0.0002667199921565639
id12996,0.772528054812059,0.07313581851195373,0.1543361266759862
id18262,0.45484052834480815,0.009410889188144317,0.5357485824670498
id08606,0.00024555126755612146,0.99916426390223,0.0005901848302138595
id17233,0.9626174336997964,0.024711943469896625,0.012670622830308561
id00101,0.9317015918246323,0.03980432623644974,0.028494081938920605
id12225,0.895334157118547,0.09176360666310747,0.012902236218345816
id01364,0.04340683222586008,0.9450134199151011,0.011579747859037481
id24973,0.9298250310532746,0.027669383764567422,0.04250558518215612
id25363,0.2383113200307879,0.0021915860702299297,0.7594970938989827
id10061,0.351044125471517,0.17941254181679547,0.4695433327116833
id17673,0.08164495373603059,0.9126288765166164,0.0057261697473503514
id13249,0.7675309215901842,0.08273847374178576,0.14973060466803068
id10107,0.0008535484859163698,0.0003638173181489238,0.998782634195932
id04403,0.9731142328952926,0.00011224200612281203,0.026773525098578513
id25728,0.718964819594171,0.04305436328062612,0.2379808171252016
id16184,0.7310272266974905,0.05732973956577071,0.2116430337367394
id03438,0.010275773223196939,6.725433069862096e-06,0.9897175013437332
id22923,0.6987257368627515,0.29390023930366116,0.007374023833586169
id08610,0.5778724895980063,0.19863725339756932,0.22349025700442354
id25355,0.14104476248300082,0.03795224045718788,0.8210029970598096
id16916,0.42596031339722523,0.555989854747915,0.0180498318548595
id12793,0.014414548092721935,0.9844670220691552,0.0011184298381250535
id11859,0.8296067889382963,0.06838615906684786,0.10200705199485821
id02434,0.9999978009569152,1.07024206316713e-07,2.0920188823105974e-06
id27703,0.38570817166965893,0.033579629381401355,0.5807121989489392
id25212,0.07553762521801168,0.9243066477398769,0.00015572704211148914
id11308,0.10007649579536164,0.17641315094031967,0.7235103532643197
id26094,0.4792662796114304,0.06250538285490286,0.45822833753366554
id22080,0.7988288981989954,0.1899698112430885,0.011201290557916277
id03545,0.8910318828656927,0.08777025645498468,0.021197860679325872
id23725,0.010908347290522733,0.0009033558971284401,0.9881882968123465
id12009,0.7182198339012352,0.152097034667277,0.12968313143148785
id24241,0.4386413803626806,0.2799100920126707,0.28144852762464934
id03596,0.5261651023813977,0.24480213770331707,0.22903275991528843
id10749,0.5131759904115534,0.3195969324550602,0.16722707713338686
id22794,0.0631733896587162,0.061134455381414335,0.8756921549598702
id15482,0.08185276673883696,0.06239166048780046,0.8557555727733626
id04833,0.611208643529865,0.2350956754113314,0.15369568105880413
id00397,0.3049018427709452,6.243681016731504e-06,0.6950919135480387
id14691,0.0021875384334579776,0.00022480858772427493,0.9975876529788166
id05193,0.06900638765935614,0.02287453831629792,0.9081190740243443
id19541,0.7292400333669767,0.18520741655085154,0.08555255008217134
id22166,0.0023295455283076963,2.3886604157177667e-05,0.9976465678675319
id20744,0.0012111738353913493,0.0005337888658080221,0.9982550372988006
id10392,1.00965566113639e-06,0.0001027682952981116,0.9998962220490415
id00770,0.8668206771357548,0.11607141926205848,0.01710790360218875
id06018,0.30765232995513886,0.6656004023651381,0.0267472676797251
id15678,0.26908449596129735,0.3492568713558062,0.381658632682895
id08305,0.7996653113859329,0.15227466207017573,0.04806002654389138
id08903,0.9079343803755688,0.03168038881182045,0.060385230812609283
id14752,0.3900720152391333,0.6028017058739363,0.007126278886922061
id12468,0.003953839598271665,0.9955360423521133,0.0005101180496185568
id05085,0.5184099006213753,0.1565376274050776,0.32505247197354414
id21993,0.026900287898806025,0.0006975517801171733,0.972402160321079
id15503,0.6972739669257255,0.2859634670783303,0.016762565995943654
id03021,0.01170595291572707,0.9794332086569137,0.008860838427354243
id16123,0.9989496206849415,0.0010488578634697493,1.5214515879541436e-06
id19383,0.9963043075348857,0.003657101435205135,3.8591029910661225e-05
id04186,0.9636567975088983,0.008297898906031123,0.02804530358507042
id17954,0.0016216563521078394,0.00017531079001217777,0.9982030328578825
id12030,0.4235057105120114,0.003606167562861197,0.5728881219251281
id13020,0.9186338187761894,0.05907019810901692,0.022295983114793395
id25327,0.000530059168754718,0.8579430055482328,0.1415269352830084
id16344,0.09303342494069844,0.008299137214427,0.8986674378448773
id12303,0.383483332503184,0.3013533694174211,0.3151632980793944
id15017,0.9712623944087315,0.028700747862035494,3.685772923900918e-05
id22308,0.5394424798655281,0.19523717796700749,0.26532034216746575
id06536,0.0026653260305134377,0.014029617855127683,0.9833050561143574
id19797,0.3438631739687349,0.40335623850947055,0.25278058752179483
id06332,0.0033970263899741784,0.8958199669481592,0.10078300666187096
id22941,0.47689522645995697,0.39402695740052385,0.12907781613951821
id13547,0.023536730183622356,0.042223435984808294,0.9342398338315668
id06928,0.1247018800400848,5.6544390672873886e-05,0.8752415755692426
id12521,0.11953018515651856,0.8785182397040985,0.001951575139374294
id25716,0.8074071840543153,0.014085500824018436,0.17850731512166648
id27116,3.0608865605381016e-05,2.349012001623592e-06,0.9999670421223928
id19941,0.0018261904064213548,0.9777381696027176,0.02043563999085292
id05711,2.545393711156849e-06,3.650506123782367e-05,0.9999609495450517
id02097,1.022048176608288e-05,0.0009382077241646667,0.9990515717940744
id03563,0.018033771611801284,0.8426191143310076,0.1393471140571921
id02295,0.5582869722912163,0.1991358052128868,0.2425772224958985
id08179,0.999954596280504,4.3516173541389566e-05,1.8875459555028234e-06
id05332,0.42585398668019087,0.28937960191126827,0.2847664114085403
id15697,0.006074706134127249,0.505544502577829,0.48838079128803463
id17026,0.31913273444133267,0.040986010687210986,0.6398812548714566
id04243,0.6270494742082554,0.01650271988176131,0.3564478059099821
id13175,0.925223171573294,0.07471516886463467,6.165956207603495e-05
id05387,0.9008877592484996,0.05580303544676631,0.04330920530473607
id19989,0.17365450494247553,0.6193953670231883,0.20695012803433896
id25173,0.32707891945742495,0.37977379926054866,0.293147281282032
id08925,0.003719546489270944,0.9930258388876797,0.0032546146230474447
id03034,0.00255757142127209,0.9908139692023217,0.00662845937640066
id13272,0.008629706737554924,0.988467439482684,0.0029028537797549537
id07956,0.1934167128301377,0.00023117816047040198,0.8063521090093925
id02648,0.0033550546802143867,9.384909492809407e-05,0.9965510962248596
id01778,0.10178954823214542,0.001043093786842539,0.8971673579810119
id12846,0.010229116501648192,5.439696318009172e-05,0.9897164865351755
id19001,0.6499463704126314,0.09112733647836098,0.2589262931090066
id05763,0.3227840392926561,0.4785222878779006,0.1986936728294425
id15590,0.0007966230365043457,0.00012169765985013173,0.9990816793036462
id04912,0.5904338287284547,0.07163516230123738,0.33793100897030504
id21201,0.8328075028820748,0.0840078814407841,0.08318461567714384
id13215,0.9791532318097053,0.010776355521676509,0.010070412668616737
id15612,0.4162282319276101,0.14897368871856848,0.43479807935382214
id18501,0.0398601221126155,0.003920029465086452,0.9562198484222977
id07223,0.4286950010261264,0.3866992914955583,0.18460570747831562
id06707,0.9528026428596517,0.03430789098216886,0.012889466158184135
id05238,4.880851988017286e-06,0.9999946073043352,5.118436764860801e-07
id00935,0.015595414198659363,0.29312517897538015,0.6912794068259609
id00110,0.7256105165370325,0.15924744626254775,0.11514203720041896
id17476,0.6569608708176556,0.31117821298402176,0.03186091619832111
id15170,0.5196934969765916,0.2233501532839548,0.25695634973944986
id13397,0.057252827940429366,0.01165869745604089,0.9310884746035303
id24283,0.40907840908243936,0.39749903642715406,0.1934225544904052
id15234,0.9531898200116992,0.03956457012664063,0.0072456098616592805
id16884,0.008789845139861046,0.5301389075489474,0.46107124731119387
id07831,0.5692576924579867,0.06929429386006845,0.36144801368194396
id16038,0.7990239727870457,0.09000122019188672,0.1109748070210693
id03629,0.8496946454187931,0.015909296346990003,0.13439605823421738
id21019,0.7009993145982563,0.12306703643344848,0.17593364896829577
id21835,0.6516362341239839,0.060357088550851236,0.28800667732516483
id04480,0.009275036860252696,0.990479161944071,0.0002458011956787597
id20838,0.82180976605435,0.15898187559141091,0.0192083583542383
id24195,0.3606785586692209,0.43071942740619273,0.20860201392458796
id05448,0.9545920650310743,0.018197278633179863,0.027210656335744487
id15957,0.07994071706559938,0.9196334028664555,0.0004258800679450259
id19956,0.10074053124853356,0.0005702328169663151,0.8986892359345007
id15104,0.03418484291338906,0.1348851313184245,0.8309300257681875
id17559,0.7212157504770781,0.17539742741695152,0.10338682210596947
id16839,0.13762146697034555,0.2726687815387791,0.5897097514908758
id14493,0.29801204167348655,0.07483557742349445,0.62715238090302
id08833,0.6872425691649351,0.1357019933176473,0.1770554375174151
id15723,0.20054009005665674,0.11024398491219937,0.6892159250311447
id02716,0.994328744383376,0.0020960959140841826,0.0035751597025431843
id06689,0.14396097772524946,0.8461290226990836,0.009909999575671225
id18837,0.1389663514365294,0.8388417687720265,0.02219187979144215
id04466,0.9818617753003664,0.014225717779313753,0.003912506920319104
id00686,0.7759086797329608,0.19468570301843788,0.02940561724860256
id09010,0.8420328876873924,0.15140912378131435,0.006557988531293349
id23353,0.8070442516360815,0.0474651757516121,0.14549057261230416
id00066,0.8339339182433515,0.05264868438033658,0.11341739737631222
id15724,0.15673404497204507,0.19198659071600568,0.6512793643119492
id23486,0.1647049398976285,0.010597792284440456,0.8246972678179284
id22258,0.022986596111254608,0.07889379866120944,0.8981196052275351
id02292,0.6448760652834276,0.12349463313837554,0.2316293015781962
id16356,0.39726383978377555,0.04158998142900898,0.5611461787872152
id00235,0.9825973994696955,0.0015823390208398547,0.015820261509469125
id25522,0.053906793430553594,0.0008614539397729145,0.945231752629672
id04204,0.03166602416930781,0.9534527996031441,0.01488117622754705
id22016,0.7202654258832275,0.0732560272175913,0.20647854689918216
id06480,0.0006482158111706534,0.9992844528867268,6.733130210376142e-05
id08718,0.09307606121398379,0.009202667226934962,0.8977212715590809
id05251,0.002833139521990951,0.9770773988245631,0.020089461653446692
id03359,0.9957954135292919,0.0035236181410274224,0.0006809683296811915
id16117,0.028448564525457097,0.0024827503264678364,0.9690686851480776
id17000,0.019507857891146726,0.9804803469179881,1.1795190862763968e-05
id01730,0.044840854287286756,0.9526505730351977,0.00250857267750879
id00630,0.8658617745726674,0.04742725912519698,0.08671096630213572
id18175,0.2753612106169433,0.029466575540239598,0.6951722138428157
id00907,0.8673876269833314,0.09908530827007793,0.03352706474658897
id18251,0.025881166532677025,0.9732320568574513,0.0008867766098754591
id25861,0.7117359701178896,0.1454853187462575,0.14277871113585236
id00398,0.5184595177148899,0.46077644277173635,0.02076403951337099
id27573,0.9771877138490429,0.0030845163182713544,0.01972776983268309
id10022,0.004495268829284988,0.8828712764861811,0.11263345468453224
id15901,0.038002558063298504,0.00034455700811905914,0.9616528849285837
id00451,0.33320816509459883,0.07539367453920648,0.5913981603661944
id23129,0.07576500573319102,0.92115498068481,0.003080013581995847
id26498,0.4819014454536701,0.4866284159071858,0.03147013863914217
id14741,0.1696943616208045,0.7914766642030354,0.03882897417616002
id18453,0.3692093305514141,0.008733955982223676,0.6220567134663604
id08309,0.8067852503839296,0.0812172865752576,0.11199746304081265
id00320,0.9245253540174011,0.07420245209397666,0.001272193888624057
id07688,0.031008048153220294,0.003838385682639024,0.9651535661641424
id01556,0.03595399882741672,0.004910394492128283,0.9591356066804552
id00178,0.11711139639201701,0.05127955922950264,0.8316090443784799
id18902,0.07965773295971297,0.011181957842519692,0.9091603091977657
id27002,0.9246422093874919,0.023521003540192528,0.05183678707231615
id21418,0.9962337554363443,0.0036523160631099427,0.00011392850054170045
id23018,0.6576380389970454,0.1290790987561594,0.21328286224679474
id07032,0.1222615411039156,0.3933105550635433,0.4844279038325395
id16195,0.9788833024367719,0.017114590319194732,0.004002107244037312
id11202,0.2275011214791002,0.09419561263144728,0.6783032658894534
id09578,0.6755307884850628,0.03816270945103559,0.2863065020639012
id26984,0.7116152499204319,0.10904968743970685,0.17933506263986007
id19856,0.11399071335154683,0.7611075728496742,0.12490171379877525
id12086,0.9587115031811895,0.011582363601731538,0.029706133217079732
id12052,0.45488538432937964,0.21011086122807981,0.3350037544425397
id17728,7.757523813890465e-05,0.0006980158757902904,0.9992244088860668
id24608,0.6845571823862094,0.1147457170276387,0.20069710058614867
id21097,0.010006258720203961,0.0027437484118721183,0.9872499928679253
id20179,0.004242822913950846,0.04846776288695948,0.9472894141990883
id15144,0.6306080705221254,0.19113745743772811,0.17825447204014566
id00206,0.8486910546167934,0.1307728244822559,0.020536120900951874
id22285,0.0011400979546052833,3.432556935600428e-05,0.9988255764760379
id06417,0.5325950768592717,0.191059531282928,0.27634539185779716
id00215,0.0003195322174702705,0.9996776751687946,2.7926137414065385e-06
id04201,0.16766368968436082,0.011511986558145716,0.8208243237574934
id21771,0.8202262852395038,0.1438382339262442,0.0359354808342496
id12451,0.01191311107380855,0.10893545384786946,0.8791514350783189
id14250,0.32819025094217547,0.1977013120705206,0.47410843698730176
id03433,0.006986709025221703,0.9904894468801446,0.0025238440946365164
id03303,0.012009626446989153,0.00019952599145147087,0.9877908475615568
id25901,0.5140146833012602,0.17425373955495022,0.31173157714378963
id06945,0.9512783853373802,0.0007413666191245815,0.047980248043493746
id05664,0.6674738966928841,0.047764166656379774,0.2847619366507358
id05741,0.931624736051753,0.000384320046716776,0.06799094390152799
id10652,0.42017061228746333,0.09260738513152339,0.48722200258101345
id16300,0.8875775600399582,0.03932217746533723,0.07310026249470386
id12319,0.5595078223439188,0.15164735602780308,0.28884482162828007
id07500,0.00010702855826086319,0.9996982574838352,0.0001947139579075347
id12478,0.41161523848225207,0.2246192402081271,0.363765521309622
id03076,0.6829000852860145,0.021461085954238533,0.29563882875974395
id00969,0.026742391207771114,0.9633658858629245,0.009891722929301298
id23636,0.17470730574789156,0.12624532452507325,0.699047369727037
id09791,0.1609042255336413,0.23621910428872137,0.602876670177637
id05680,0.06538770853242734,0.1667062514242263,0.7679060400433498
id03672,0.8666610112763163,0.09430103329101075,0.03903795543267553
id04286,0.011968526218716262,0.5493942464133659,0.4386372273679163
id23883,0.21832381299988973,0.1523599329644846,0.629316254035627
id11914,0.7419501240974499,0.02409716786820434,0.23395270803434828
id20974,0.004243772715301098,0.9932192061163483,0.0025370211683517566
id26125,0.23041536024338993,0.5620713549116353,0.2075132848449746
id15543,0.08721407563592183,0.16581637932604076,0.7469695450380375
id19471,0.9783819550733034,0.004606040142545047,0.01701200478415122
id11503,0.6791055723276771,0.13940846646424554,0.18148596120807844
id09321,0.3137957470427819,0.5139122915540383,0.17229196140317896
id25560,6.8455348109409196e-06,3.543615388213659e-05,0.9999577183113084
id06726,0.30693458421638187,0.08256208067963171,0.6105033351039845
id05709,0.8830127115097505,0.023487155408280662,0.0935001330819703
id09788,0.27858753783211926,0.585083702953401,0.13632875921448062
id05289,0.6349153550654992,0.004126975518550758,0.3609576694159487
id11815,0.01631942074751391,0.9774493621582278,0.006231217094258788
id22422,0.4808117808398652,0.33545052039044254,0.18373769876969212
id25954,0.8252261067714801,0.014726767534419715,0.16004712569409843
id13601,0.6647477896625151,0.13847732106458907,0.19677488927289585
id05677,0.21105268612706826,0.16978077418626833,0.6191665396866648
id10498,0.0023996748787490927,0.9927254136373437,0.004874911483906011
id02665,0.8539505873367558,0.07701221240562206,0.06903720025762096
id10114,0.010607282076940425,0.7366236391348608,0.25276907878819715
id26314,0.8717353979551677,0.10795977482854725,0.020304827216287104
id21240,0.23046945304843197,0.1355545511046276,0.6339759958469418
id15569,0.9647032689397238,0.035180958397367436,0.00011577266290658903
id25928,0.0008278513637373663,0.04176745912728085,0.957404689508982
id22706,0.07211934464405369,0.9158033943678224,0.012077260988120848
id20877,0.051291983835807464,0.9474848818809642,0.0012231342832273073
id04318,0.4926232229890991,0.12317557450695797,0.38420120250394213
id18299,0.06721260058120695,0.8822373720878872,0.050550027330903496
id08126,0.0032132629687134117,0.00014777680856205305,0.9966389602227215
id14293,0.8297337820402497,0.04069440776871733,0.12957181019103214
id12759,0.9937059693267306,0.004972552669324296,0.0013214780039422793
id11983,0.5801583741545866,0.293507189163247,0.12633443668216715
id05580,0.0023478514778984554,0.9475494122390355,0.050102736283065316
id25846,0.43215641880129735,0.4674339994261838,0.10040958177252084
id01939,0.6216238110180098,0.015139316321083606,0.363236872660906
id26327,0.09426764160850164,0.3108315447241273,0.594900813667371
id11068,0.14825612965942536,0.09753366567508209,0.7542102046654932
id08404,0.3536623370397328,0.004979817262158138,0.6413578456981076
id27189,0.9426581733875622,0.016042425239104405,0.04129940137333341
id15119,0.10327724724221218,0.8736966303458759,0.023026122411911994
id26525,0.7116152499204319,0.10904968743970685,0.17933506263986007
id03618,0.4807140267478706,0.40716475040505967,0.11212122284706871
id27220,0.7989806802354016,0.19226194010490805,0.008757379659689509
id18777,0.3773508234367029,0.036020909542465555,0.5866282670208318
id20213,0.8586428136422961,0.10788713415378526,0.03347005220391733
id20403,0.8747384472859006,0.09081355178077323,0.03444800093332422
id03777,0.3309129365850342,0.5952603134040501,0.07382675001091671
id10595,0.1904801684227163,0.7847822549684564,0.02473757660882399
id13816,0.3539575287562994,0.019637504125933947,0.6264049671177674
id05667,0.38171301315481976,0.057214888752978706,0.5610720980922012
id24629,0.786759658363009,0.04369107882738294,0.16954926280960528
id20398,0.06048632114567753,0.322282761133466,0.6172309177208559
id14108,0.00015970753131868098,0.0009023834954766315,0.9989379089732046
id06196,0.0011782140248323043,0.9977314688811914,0.001090317093977926
id02800,0.0882145056928266,0.87101298780942,0.04077250649776026
id18732,0.009162398717805678,0.9169605198352762,0.0738770814469156
id11915,0.04357255016998171,0.950317049017792,0.006110400812229302
id09739,0.9025584026137922,0.05976963498942572,0.03767196239678236
id24672,0.8400128812395459,0.004276824318468122,0.1557102944419831
id00414,0.013642517459763796,0.05077735686991493,0.9355801256703259
id16307,0.9797524298949277,0.015808722393960004,0.004438847711111423
id14043,0.5747083344793715,0.03752679080808852,0.3877648747125363
id00517,2.9549330627994012e-05,1.329787680468169e-05,0.9999571527925658
id09744,0.8595863740415,0.14026742994908759,0.00014619600941184033
id19257,0.7116152499204319,0.10904968743970685,0.17933506263986007
id15437,0.7328047545985179,0.18158055457798714,0.08561469082349675
id16352,0.5030554305036264,0.06570724000726584,0.4312373294891084
id18849,0.3320588936035742,0.3170599265278741,0.35088117986854855
id19434,0.07636237222960186,0.8041562415877432,0.11948138618265923
id17928,0.03438109057503105,0.0014781027798386108,0.9641408066451265
id16896,0.11617257201206203,0.004064724289733957,0.8797627036982058
id02135,0.44494295207452417,0.3144259167043158,0.240631131221159
id15075,0.9875082399365722,0.009289923660494004,0.0032018364029324877
id27486,0.06722354958132204,0.7689451022018691,0.16383134821681047
id19422,0.9368884400599432,0.04967616979411464,0.013435390145939086
id09603,0.17579430121850373,0.7873676194473236,0.03683807933417555
id02133,0.6714375703557707,0.31041407306915064,0.018148356575080196
id03441,0.9539808604277569,0.0050679286990932115,0.04095121087315427
id02398,0.8669506250661487,0.12516221540870212,0.007887159525149453
id05152,0.3672237752737167,0.1268545130047217,0.5059217117215602
id17838,0.6448760652834276,0.12349463313837554,0.2316293015781962
id25060,0.27438099871822164,0.7246040702379472,0.001014931043827783
id09998,0.5159833423523646,0.0993607159440406,0.3846559417035951
id01828,0.37504113012707446,0.27390813448910944,0.3510507353838159
id25377,0.7325172604976942,0.06268770805925428,0.2047950314430519
id22175,0.19830340674629315,0.7811781400424815,0.020518453211226032
id02974,0.1922897882496884,0.08068505385105448,0.7270251578992584
id26955,0.9870354648480859,0.012256514346947599,0.000708020804967277
id21091,0.8985869532139935,0.07629670565871437,0.025116341127290127
id12802,0.9923138901393433,0.00586454333638963,0.0018215665242701255
id07432,6.941578924816411e-07,0.9999991134210969,1.924210200876839e-07
id18749,0.6395858745675366,0.2229935163063044,0.13742060912616003
id15030,0.005281504248077872,0.02944718636451786,0.9652713093874005
id17155,0.1390306278870094,0.5981152748018403,0.26285409731115766
id08128,0.04672800912003896,0.2596867124257749,0.6935852784541855
id25706,0.0023367001867213447,0.3169390360224695,0.6807242637908093
id15645,0.899921756617445,0.03600612130429858,0.06407212207825645
id04943,0.6702942587546863,0.3256544143000113,0.004051326945302032
id27566,0.000972769856712375,0.04354238512367429,0.9554848450196098
id11765,0.4985863355751117,0.4685134699868618,0.03290019443802324
id13783,0.5487552065568528,0.18024201505866805,0.2710027783844801
id00492,0.018803196257126176,0.0004558012108722802,0.9807410025320004
id27636,0.14070375513335476,0.7107293396438406,0.14856690522280508
id04273,0.8023619799120929,0.19332209349613488,0.00431592659177453
id02537,0.686899138436707,0.10316044824223915,0.20994041332105426
id24349,0.039203566365183413,0.9605196294257498,0.00027680420907005854
id00023,0.025672021979774057,0.7951549761438959,0.1791730018763293
id23025,0.11581593195905922,0.8537961686416943,0.030387899399245084
id08722,0.30098866977328226,0.2277639024058135,0.47124742782090484
id02420,0.8341899269002454,0.16563469339121517,0.0001753797085388205
id10811,0.8566816042758274,0.019259148530751974,0.12405924719341792
id04019,0.008063701034874181,0.6879870695668739,0.3039492293982534
id18334,0.9946377622619509,0.0019451187530699623,0.003417118984978159
id16781,0.7116152499204319,0.10904968743970685,0.17933506263986007
id08773,0.7332001558836604,0.08609245485689523,0.18070738925944566
id19214,0.14003791922982653,0.6305169583671649,0.22944512240300502
id09589,0.5544689415031492,0.2352514693301466,0.21027958916670436
id24246,0.47524608982329036,0.5004052059917407,0.024348704184969153
id23577,0.7945488929912303,0.17593033029298805,0.029520776715783445
id09305,0.6930001337797818,0.03514830001332518,0.27185156620689244
id16460,0.7964178211879385,0.09323246115075588,0.11034971766130432
id21115,0.6957812590150011,0.1789233069364937,0.1252954340485063
id25996,0.5544289233812355,0.02120475354823336,0.42436632307053135
id02551,0.001981117640372096,0.003092401536242223,0.9949264808233856
id19352,0.005264814860645074,0.0005102391895069892,0.9942249459498492
id03806,0.02948793796079964,0.0004213545708669669,0.9700907074683328
id26544,0.769139895257879,0.022926276830347262,0.20793382791177403
id18761,0.9208892195336233,0.0524091734741388,0.02670160699223153
id24148,0.07988449029517077,0.8411752101851215,0.078940299519705
id16095,0.012090628429798482,0.925567213740262,0.062342157829938086
id18442,0.25888024034637297,0.06256037794898807,0.678559381704638
id22596,7.917004626765838e-07,7.349841726305218e-07,0.9999984733153637
id23002,0.6970401950857742,0.007755805189794421,0.29520399972443156
id04797,0.9233713255040817,0.03931376286981207,0.037314911626104064
id06610,0.1901397309218543,0.04793042816191776,0.7619298409162286
id16173,0.7116152499204319,0.10904968743970685,0.17933506263986007
id18292,0.6514545429245764,0.17566320243901307,0.17288225463641338
id27328,0.6533920006049648,0.03885156632735715,0.3077564330676807
id01695,0.3930008436803403,0.5904093141842476,0.01658984213540849
id05761,0.6845184101300514,0.09747996631957109,0.21800162355037786
id16354,0.9754411454660672,0.00834143759689152,0.016217416937039087
id12207,0.009766341562281882,0.966907178992338,0.02332647944538236
id05665,0.1570627031466462,0.2579839718184943,0.5849533250348596
id01911,0.705351304212426,0.2855074714685413,0.009141224319032533
id19153,0.15093994247847564,0.10189588944233463,0.7471641680791917
id10295,0.45133113392771107,0.15566933975172267,0.39299952632056667
id23038,0.6088611915539323,0.2895934417379877,0.10154536670808134
id23783,0.5186502191352669,0.4366599546137127,0.0446898262510201
id27879,0.9059249788755784,0.08342792583162248,0.010647095292796395
id19190,0.014747848442449705,0.9851396308323411,0.00011252072520551791
id05065,0.8559252120153966,0.07621131243002531,0.06786347555458022
id21296,0.34847398587986333,0.6057937284393534,0.04573228568078684
id13262,0.7557919233861488,0.02418200463376363,0.22002607198008817
id10333,0.35953950102152943,0.07024780963110837,0.5702126893473645
id16677,0.20207722077564844,0.6391327381984869,0.15879004102585803
id01392,0.43815591624300637,0.014112994933237257,0.547731088823755
id27874,0.6775749134669458,0.11817116362949978,0.20425392290355507
id02294,0.03063861820773835,0.893864443742096,0.0754969380501654
id18298,0.028688967448507637,0.01642079175209871,0.9548902407993952
id06997,0.9884384000875204,0.0010209162473896309,0.010540683665090485
id05243,0.34466260787651937,0.3976950857564559,0.25764230636702473
id00860,0.0010695653988920348,0.9827897327199124,0.01614070188120335
id26681,0.7271979660597524,0.23322172701517682,0.03958030692506868
id06020,3.834221418418469e-06,1.4818149535440255e-07,0.9999960175970828
id27683,0.3830336745444029,0.1621619252042117,0.45480440025138436
id17655,0.008631686341123332,0.990969526676562,0.00039878698231160075
id08817,0.36167424547747334,0.3359363920980197,0.30238936242450726
id11512,0.002135180503305663,0.2327659986361379,0.7650988208605584
id00478,0.12544600324915034,0.2948633230268872,0.5796906737239624
id02116,0.9144674278287059,0.021779346118429927,0.06375322605286021
id06746,0.8797949894280114,0.043415937937681365,0.07678907263430346
id03863,0.8272932174124141,0.05355550008847114,0.11915128249911397
id01802,0.07741109068097182,0.9050792134710974,0.01750969584793719
id11682,0.3789419699707655,0.01838052732271737,0.6026775027065201
id04033,0.022727760867282402,0.8794203159916604,0.09785192314105841
id09286,0.0067194669027301444,0.058560861572091415,0.9347196715251813
id12904,0.9387168180850952,0.0310968662042371,0.03018631571066671
id07420,0.0008543554852057137,0.0019677377846890436,0.9971779067301002
id22398,5.9852919913716674e-06,0.9999876476167174,6.367091290313767e-06
id00424,0.021052561256664472,0.023284313666003045,0.955663125077332
id20960,0.5466435788081844,0.44404068300825805,0.009315738183559095
id10267,0.8789715538179481,0.06886856645348276,0.05215987972856704
id19330,0.4273820349228589,0.01775613213039922,0.5548618329467425
id00994,0.4370592502776562,0.5501945079758371,0.012746241746504695
id10785,0.6170707318035664,0.23041225381003716,0.15251701438639673
id00955,0.19693593102818174,0.7332057852942909,0.06985828367752689
id09757,0.006855282452851686,0.9928040266915581,0.0003406908555912429
id10030,0.7116152499204319,0.10904968743970685,0.17933506263986007
id22952,0.22993236485521726,0.5013052636911757,0.2687623714536091
id21955,0.0002111346316452322,0.00108176753250428,0.9987070978358509
id07674,0.9386719992178209,0.04692557928146913,0.014402421500704978
id13760,0.49973691990646624,0.4907779278315122,0.009485152262021054
id18166,0.7952873457092638,0.004422944552705728,0.2002897097380371
id23498,0.6083118120316506,0.3906284900318261,0.0010596979365225822
id05296,0.9838117606758504,0.004536209837605708,0.01165202948654438
id26709,0.8849366272469819,0.015004755847409878,0.10005861690560855
id02853,0.9977271173016583,0.0017691641048925193,0.0005037185934449
id06800,0.5985491740664408,0.17775442430743021,0.22369640162612828
id14758,0.028481946559502785,0.9530368892681749,0.018481164172320912
id12356,0.9503815384050995,0.04677072231186109,0.0028477392830433775
id21492,0.5365888895526747,0.25709782233624723,0.20631328811107955
id27540,0.6821694958463531,0.11929021886563365,0.1985402852880162
id07376,0.7661702136452657,0.09823079350624576,0.13559899284848578
id15201,0.06414433663566156,0.9199870451348773,0.01586861822946423
id23388,0.0026948162060222293,0.9934053035975092,0.0038998801964631176
id13923,0.0017177209003820945,0.9907427544171931,0.00753952468242769
id00794,0.0035201830333644116,0.8206193222758796,0.17586049469075687
id23910,0.4908521451913059,0.2006087840669184,0.3085390707417758
id02556,0.4152580958351044,0.3262614503892897,0.2584804537756051
id22151,0.013771359786203478,0.9825357454396558,0.0036928947741414688
id11698,0.44693676455774956,0.46536612891849805,0.08769710652375133
id11627,0.8420072074513744,0.0038758255573647293,0.1541169669912598
id06340,0.7498561285667227,0.16149542007558537,0.08864845135768987
id05123,0.9744111323404622,0.0037199859414138435,0.02186888171812208
id26620,0.000608593228348583,0.0010345120301252415,0.9983568947415234
id04002,0.0029966817125910965,0.0019824903636818355,0.9950208279237268
id26554,0.012887630771452508,0.9215561907854222,0.06555617844312524
id18012,0.48363941566133056,0.16490542255977705,0.3514551617788927
id12964,0.41629370328135584,0.03257307488353695,0.5511332218351056
id18965,0.028340110119070144,0.6928864240798266,0.2787734658010998
id19082,0.29521618247061404,0.03495111415855755,0.66983270337083
id26742,0.0011521002847688557,4.473122160554718e-06,0.998843426593067
id15442,0.4555712618802388,0.5271272668061912,0.01730147131356605
id16647,0.6509528739477196,0.1044763882874309,0.24457073776484908
id11544,0.3768225377815452,0.02202777022450578,0.6011496919939494
id20581,0.7009993145982563,0.12306703643344848,0.17593364896829577
id13192,0.4625541571652386,0.3906340585596273,0.14681178427513522
id15814,0.21243007046601656,0.6799441514735173,0.10762577806046657
id26279,0.11294739072921046,0.8489489591346906,0.03810365013609605
id00240,0.9626174336997964,0.024711943469896625,0.012670622830308561
id22836,0.985118504187196,1.3613834304219743e-05,0.014867881978499921
id15085,0.07301380603496947,0.43568726348617326,0.49129893047885675
id17495,0.7116152499204319,0.10904968743970685,0.17933506263986007
id26762,0.6586990753697356,0.24632092968527478,0.09497999494499358
id13685,0.9998539105634247,6.89547321151343e-05,7.713470445864314e-05
id16560,0.0053005146069315615,0.9934289679242904,0.0012705174687749976
id17184,2.2956235930108537e-05,0.9998171971477039,0.000159846616365304
id21635,0.9822586839811479,0.002856309618038709,0.014885006400815186
id26751,0.09159659148298287,0.8769115988269154,0.03149180969010222
id12351,0.9574118432757558,0.0036206986744133024,0.038967458049826875
id14872,0.7854700266014271,0.0838951498145107,0.1306348235840608
id18372,0.9976779186990844,0.0016364452352975807,0.0006856360656158411
id26851,0.8476977235109461,0.09053688134651187,0.06176539514254257
id22659,0.4468128773916335,0.5531171993442657,6.992326410101616e-05
id04102,2.2177605576954498e-06,1.7717022096445325e-09,0.9999977804677374
id02353,0.014623336988341487,0.970844307478954,0.014532355532700733
id26721,0.9090545063163545,0.08681667656636813,0.004128817117267325
id11171,0.8519793857776692,0.056829250386664004,0.09119136383566567
id13562,0.5817232292998975,0.16028281810395428,0.25799395259614744
id26425,0.7677187942370303,0.10909162050429604,0.12318958525867474
id26394,0.12288714569301303,0.23377366249238055,0.6433391918146049
id22187,0.6658240132992784,0.2470308648324699,0.0871451218682507
id00422,0.9877979718348332,0.004354448780020745,0.007847579385155326
id22667,1.002149549166331e-08,0.9999999687720743,2.120642200873271e-08
id00911,0.5183852726093886,0.3921640139017865,0.08945071348882518
id17291,0.879389824422589,0.025748836405163397,0.09486133917224819
id01915,0.1980014530216456,0.6397205648536121,0.16227798212474265
id01434,0.5346063711452611,0.060089703058891906,0.40530392579584623
id01584,0.49467896898424707,0.24307919828636615,0.26224183272938717
id09266,0.8365510913822525,0.11669555632854874,0.046753352289199544
id17494,0.014563345256648904,0.9838084331095678,0.0016282216337858723
id24919,0.7116152499204319,0.10904968743970685,0.17933506263986007
id21043,0.01826165171597786,2.694835999700168e-05,0.9817113999240232
id17796,0.2649713840337342,0.7328844541668774,0.0021441617993887873
id02166,0.0008262012052350043,0.05145735632276726,0.9477164424719976
id17503,0.9979695252843818,0.0006059564279172982,0.0014245182876990495
id21203,0.684541453101534,0.1212984130394198,0.19416013385904615
id25626,0.9999990963697517,8.910638092276642e-07,1.2566442001450375e-08
id09836,0.4121789790117153,0.5806211473952373,0.0071998735930478095
id24202,0.0075800490188656314,0.2587099980595541,0.7337099529215796
id27260,0.824193852506926,0.1340380637231461,0.041768083769927536
id23167,0.0008037825639398727,1.1956840029734435e-06,0.9991950217520572
id10393,0.002326316258470066,0.9967152640128238,0.0009584197287082316
id01171,0.9881427292972169,0.0029455874128807634,0.008911683289899055
id06380,0.9888094566102456,0.005505598180267714,0.0056849452094867945
id22686,0.2551289293874079,0.0013416230953077345,0.7435294475172822
id26250,0.4529312498267799,0.015866694168549085,0.5312020560046731
id09315,0.6843410508827278,0.11946005580029535,0.1961988933169779
id00886,0.5888022238593533,0.059631711934254185,0.35156606420639375
id03101,0.8597408087550727,0.039902531739076236,0.10035665950585038
id12367,0.6707829008178589,0.12978591169054693,0.1994311874915952
id10770,0.8095812594236744,0.043578025976035474,0.14684071460029
id14949,0.2633142162324186,0.7219107056000788,0.014775078167497473
id14141,2.4980655259337646e-05,0.9991840509013159,0.0007909684434271064
id25417,0.5718059090111628,0.41940754166466543,0.008786549324170967
id26873,0.44986878205426434,0.05115482851237193,0.4989763894333643
id10818,0.35589223983913604,0.04245685115931689,0.601650909001549
id15146,0.9351237281229577,0.015210305031917068,0.04966596684512274
id23328,0.4531881224077096,0.034184489673202735,0.5126273879190894
id16765,0.8303025261162179,0.06261373277425904,0.10708374110952369
id24383,0.9933911336722238,0.0017128927008600002,0.004895973626911211
id21304,0.6086804397862164,0.05129259984073294,0.3400269603730565
id12551,0.14431039524692937,0.8403839355966252,0.015305669156444001
id23274,0.21989096911042616,0.33973356066316446,0.44037547022641044
id08117,0.6975978091506191,0.08416573056725608,0.21823646028212476
id23961,0.7831905018139037,0.21627216270462313,0.0005373354814719365
id13865,0.20286700389289422,0.759186286081471,0.037946710025636814
id22807,0.7212175519985936,0.07955728276304164,0.19922516523836695
id08951,0.658574247007581,0.1241023953986804,0.2173233575937396
id18684,0.9983663263174689,0.001601565221730061,3.2108460801160865e-05
id25179,0.4451949470686343,0.31921373178305634,0.23559132114830927
id27033,0.7897589382531663,0.0028131667123166824,0.20742789503452236
id13977,0.10485028093325616,0.8220931247057924,0.0730565943609498
id19337,0.047265433692560824,0.3376455804734726,0.6150889858339696
id25764,0.00012300217043458668,0.9995260740244922,0.000350923805069199
id16106,0.13197689009211577,0.16368282917178678,0.7043402807361001
id05468,0.006145041027555497,0.0003727851968164411,0.9934821737756252
id05241,0.32646331678844237,0.007404961636614687,0.6661317215749439
